1000
60 100 78
100 17 30
82 47 30
28 53 36
34 29 37
95 61 13
97 16 13
37 87 64
67 60 99
34 10 100
33 12 86
100 84 31
49 34 10
31 3 8
91 2 11
83 39 80
12 59 63
23 5 33
81 3 94
53 77 48
28 44 77
91 25 16
86 54 55
72 21 28
95 11 94
34 16 89
30 61 23
6 68 91
91 65 22
58 20 9
77 67 94
75 76 37
51 32 31
97 69 86
78 23 25
60 81 24
71 76 48
83 88 33
2 47 93
64 88 26
56 1 93
68 63 40
87 28 17
91 10 57
23 58 58
61 29 41
3 83 27
55 94 47
64 96 55
55 71 19
59 8 29
35 64 17
1 23 57
21 81 30
84 98 25
72 96 80
56 43 8
79 12 10
76 70 22
55 36 81
36 64 15
75 63 74
17 81 100
91 22 82
36 69 53
30 17 52
67 68 52
66 96 69
42 8 52
38 18 100
8 20 80
37 59 59
23 60 91
99 61 22
55 71 46
82 86 16
58 85 42
57 61 15
46 83 61
34 59 57
44 95 98
69 18 21
51 7 31
5 100 52
23 66 83
66 75 25
43 97 35
93 79 38
39 94 64
34 92 69
57 27 68
7 72 10
98 13 29
100 63 3
74 86 67
20 18 1
43 99 74
17 8 18
16 58 42
22 4 96
11 99 88
54 18 72
50 78 61
16 54 82
55 55 17
23 7 57
86 25 64
56 44 57
11 73 54
89 41 20
73 91 41
2 9 3
34 98 65
28 96 15
98 22 42
87 93 35
64 38 29
2 64 93
56 56 52
24 8 15
99 70 27
88 55 34
28 81 52
24 66 29
83 25 47
13 62 69
84 79 48
56 35 42
0 34 29
6 97 77
45 19 56
11 60 98
44 26 6
32 10 75
68 88 5
2 35 88
14 89 2
15 74 4
24 98 37
95 82 27
4 11 83
85 86 56
47 88 38
12 55 55
95 11 94
73 81 87
31 47 82
7 52 33
69 74 98
10 33 21
61 53 3
69 39 59
52 27 39
0 99 43
34 72 48
1 55 20
29 2 60
62 46 8
46 18 82
99 26 64
41 9 44
30 64 56
74 29 63
75 83 75
57 66 7
55 94 1
19 90 69
99 99 99
80 15 95
59 75 32
32 43 54
74 76 22
61 87 41
92 80 87
28 46 55
88 17 98
60 57 42
35 35 60
72 45 65
56 82 23
22 95 30
8 61 3
73 94 45
82 32 14
24 57 38
87 37 39
80 94 17
53 52 65
40 58 61
48 19 14
97 40 45
86 67 92
98 6 75
27 61 19
61 9 64
98 57 37
61 58 61
26 20 90
15 12 1
64 82 82
79 20 6
48 52 2
100 87 47
39 72 57
13 78 5
63 18 95
4 79 33
77 46 98
10 67 92
37 17 62
44 31 91
7 34 65
16 66 92
43 24 79
77 65 16
17 24 45
100 37 76
74 98 45
47 71 80
90 14 81
66 19 66
81 30 41
50 65 61
15 87 67
17 32 44
49 86 5
98 31 67
26 54 1
27 6 1
91 83 54
87 63 13
13 35 36
67 89 59
38 8 35
63 39 40
7 84 93
52 58 41
32 38 20
74 35 78
55 47 53
6 36 66
45 62 57
23 100 5
85 70 9
68 94 26
41 58 27
72 82 11
12 85 59
50 82 26
19 87 86
84 79 64
59 19 85
82 19 81
87 15 84
7 29 92
52 79 8
33 56 65
4 42 74
17 17 24
85 16 71
36 17 39
31 32 20
22 88 73
61 11 30
80 46 30
97 48 53
63 74 95
87 20 40
60 34 72
5 92 68
30 60 84
27 97 67
28 16 5
2 96 76
33 61 4
25 68 86
38 2 57
90 77 46
77 76 20
56 48 75
0 89 69
90 47 68
21 52 78
50 45 96
22 84 76
34 27 91
23 89 93
6 56 93
72 84 72
38 91 22
13 63 44
90 37 82
79 13 6
2 20 12
82 56 91
97 88 98
8 100 13
1 52 5
65 70 12
44 68 69
19 78 93
55 3 20
7 38 80
81 69 83
95 52 21
54 73 68
13 15 91
59 72 79
55 4 97
61 12 61
38 100 15
4 86 31
72 69 8
63 43 23
54 69 77
10 22 75
51 72 5
48 21 33
71 59 9
84 40 70
7 84 22
71 86 34
41 67 73
32 77 66
22 14 70
89 37 94
57 87 8
66 96 69
34 44 71
42 33 8
46 65 73
22 45 39
87 37 36
76 87 22
88 45 37
47 1 94
51 9 46
26 4 85
31 15 100
29 35 24
41 5 75
80 78 67
61 71 58
100 47 93
42 73 40
4 90 64
44 35 57
48 69 67
21 88 44
82 89 7
79 100 64
61 38 36
43 41 16
39 68 89
73 6 68
51 22 21
71 52 15
72 73 82
45 3 87
91 59 33
54 36 40
65 42 19
52 10 20
91 86 25
58 99 46
16 5 23
74 32 14
68 13 87
61 11 97
14 63 94
40 31 94
24 89 95
17 63 22
15 73 20
100 9 27
90 69 64
80 60 28
100 45 18
45 4 63
90 78 19
16 86 48
30 94 18
46 13 25
5 21 40
81 53 85
54 83 44
6 54 76
53 48 15
37 2 41
14 84 31
22 21 46
80 74 70
57 92 78
67 58 20
100 91 18
58 63 62
62 17 11
70 72 24
82 28 71
0 71 40
79 87 63
93 62 88
30 5 55
22 61 99
91 77 63
86 41 9
11 32 65
94 24 53
60 29 94
53 86 23
37 43 86
13 28 46
6 90 7
31 9 89
75 68 11
82 70 56
100 64 45
48 46 58
68 55 29
6 53 79
92 31 9
57 76 73
80 66 44
60 87 90
97 81 53
8 31 78
50 42 68
89 8 11
75 79 54
73 81 29
97 58 73
97 37 34
88 27 3
37 13 100
87 21 91
44 65 58
2 32 95
32 15 55
67 60 11
54 28 31
2 21 41
30 5 25
100 39 9
79 8 72
46 100 80
84 24 17
51 65 58
34 68 35
74 3 72
67 94 53
21 84 62
89 80 48
40 5 31
34 72 75
79 6 20
42 58 87
34 92 25
76 7 28
21 80 63
2 98 62
89 48 41
75 12 4
13 64 55
74 86 76
47 39 84
77 21 90
24 84 57
10 34 82
44 33 42
85 74 65
61 11 61
98 80 87
75 18 15
99 77 4
18 66 28
45 54 78
14 65 87
46 100 56
99 10 38
75 23 60
48 100 27
96 97 9
36 65 62
9 10 84
86 89 75
54 70 59
72 36 27
79 26 26
76 84 67
0 30 70
65 34 26
65 77 89
53 90 67
84 26 67
36 60 91
96 80 66
100 70 91
62 44 84
26 7 46
2 72 59
51 61 55
80 80 99
81 79 13
0 42 24
25 40 82
55 99 81
54 28 35
6 12 13
30 15 68
25 93 2
66 16 67
53 70 66
91 88 3
84 98 55
25 43 87
11 30 40
18 75 8
29 37 5
13 55 55
47 92 81
86 92 88
76 41 73
35 22 38
33 20 79
31 57 62
49 73 97
17 2 33
19 32 69
33 6 28
100 26 16
37 24 17
76 21 60
6 27 73
2 76 15
93 24 72
21 1 14
54 12 86
86 7 52
2 93 86
44 62 13
59 22 76
7 62 58
15 70 53
22 2 57
77 23 24
58 27 76
9 100 8
52 69 42
90 98 72
19 32 19
65 18 82
12 83 57
91 63 31
5 36 8
68 85 59
12 72 83
52 68 11
29 94 95
67 3 26
73 41 26
82 93 96
14 46 40
39 5 38
67 95 83
35 87 31
70 35 42
94 30 1
86 33 83
90 24 63
92 40 17
9 72 95
94 75 65
53 3 4
100 55 38
39 62 18
25 60 20
97 40 88
37 26 33
87 12 14
12 7 78
65 91 93
7 21 17
48 39 20
49 60 88
23 17 75
67 45 84
10 33 56
73 29 39
78 100 69
97 44 60
36 93 63
54 13 86
83 41 63
35 81 8
87 47 83
57 26 71
88 98 52
1 87 21
54 53 91
17 26 74
5 19 45
53 46 81
33 35 34
78 84 95
65 77 35
21 28 21
10 55 4
55 68 37
82 2 69
98 85 64
56 80 4
80 65 25
84 70 75
54 98 4
16 53 10
49 37 81
79 4 33
31 8 81
17 55 29
29 71 99
49 22 17
76 82 99
38 42 11
44 52 32
33 44 96
82 45 77
88 93 40
47 27 8
91 96 80
20 46 39
85 9 98
82 98 10
91 77 4
13 64 42
91 5 25
64 76 28
54 6 54
70 67 75
0 55 55
58 86 97
12 9 17
65 19 26
5 66 37
41 87 80
96 46 59
16 66 96
38 20 36
5 74 9
90 16 86
0 2 42
84 30 23
100 66 13
79 91 11
42 65 78
50 22 62
42 93 63
95 24 55
73 35 23
67 43 20
19 77 96
82 94 57
59 75 48
100 61 33
87 70 20
95 53 33
25 2 9
33 60 68
36 41 40
66 92 12
40 32 40
100 31 47
91 86 32
93 28 75
6 26 84
49 79 11
65 69 32
8 34 45
52 23 15
77 41 62
30 57 67
37 87 8
61 55 7
8 47 90
56 87 92
66 15 25
38 73 58
19 77 72
62 17 79
35 55 45
57 14 13
12 39 71
39 81 80
74 83 52
37 62 67
22 42 25
17 37 79
92 10 71
5 5 86
77 89 75
23 74 80
13 21 19
74 35 91
44 52 32
35 57 4
67 54 42
67 12 75
16 88 96
58 16 65
75 9 23
12 3 26
79 69 11
67 43 16
35 9 73
77 75 10
78 22 46
8 59 6
13 15 75
90 58 66
43 44 59
38 86 11
57 59 38
75 97 59
24 100 35
75 53 41
76 5 76
55 98 32
53 28 74
29 25 59
3 31 48
3 66 73
83 53 23
44 19 7
13 66 1
41 32 82
21 60 67
56 92 59
32 81 7
12 98 95
89 86 90
9 76 39
65 81 74
96 23 79
59 82 94
95 62 96
23 76 96
92 38 94
40 29 19
84 69 3
95 85 81
14 33 90
75 37 68
58 91 89
17 31 57
1 90 31
32 47 87
20 24 95
87 57 12
71 28 4
78 53 78
75 2 67
9 77 77
87 63 16
53 5 47
85 12 5
79 40 83
53 61 85
64 85 30
54 47 14
7 68 97
79 7 62
99 92 60
55 82 52
4 80 61
27 63 72
10 22 55
95 29 87
75 52 73
55 2 71
89 21 73
4 8 40
14 98 61
84 18 41
88 76 98
8 61 41
12 8 16
31 9 97
25 85 66
38 6 39
27 56 28
24 1 68
9 3 8
100 35 40
49 18 95
40 79 88
17 53 33
82 87 30
78 31 43
32 71 93
67 83 21
81 40 43
74 73 98
100 1 1
10 5 43
18 56 55
19 71 93
87 37 94
14 12 58
62 57 13
100 76 79
57 75 37
43 19 26
38 87 35
10 86 69
38 15 17
33 18 17
53 22 1
67 45 63
31 80 31
59 78 24
91 2 12
20 60 5
95 44 79
47 66 68
0 54 4
34 85 73
24 29 11
10 37 85
84 1 80
81 58 33
55 82 21
18 61 15
25 17 18
21 61 42
67 88 33
50 91 58
16 58 27
47 88 70
99 92 73
77 88 1
23 34 79
91 9 77
97 82 93
67 23 25
39 39 55
8 92 17
72 98 89
18 22 25
53 92 12
42 25 39
23 65 87
81 64 71
53 6 61
82 55 91
26 57 61
13 82 4
31 11 98
86 98 75
15 29 66
39 12 84
71 28 11
79 48 76
61 6 25
22 28 37
51 34 61
72 9 77
75 28 25
4 84 60
85 73 67
91 41 56
52 27 3
49 2 81
0 10 42
36 67 58
9 78 90
83 77 15
63 75 34
49 48 55
22 89 58
1 95 53
32 94 82
58 90 100
51 46 69
20 94 40
44 5 97
79 48 79
78 28 15
79 67 41
0 68 90
34 15 71
38 31 43
20 2 14
23 1 19
95 59 36
34 21 80
33 55 85
90 93 62
42 4 54
36 87 6
30 25 5
95 33 26
1 7 59
81 45 30
38 4 1
11 92 53
73 4 82
59 30 79
83 77 98
83 98 82
18 18 95
25 63 58
34 26 6
19 15 33
96 95 29
3 38 18
19 41 36
36 32 85
15 90 92
7 95 21
0 53 42
57 52 31
88 17 100
48 38 28
49 11 58
52 33 14
15 72 4
28 37 95
85 55 91
84 58 56
68 82 88
21 89 97
59 43 87
34 54 33
29 11 42
46 69 58
60 83 20
21 6 39
89 74 71
61 88 67
31 83 25
96 74 56
78 28 94
99 8 47
76 58 19
3 19 75
54 31 99
85 85 71
57 48 78
45 24 7
31 43 35
66 69 9
16 35 59
29 23 13
94 29 22
89 42 1
19 38 41
84 53 47
21 53 4
100 6 94
16 12 2
87 66 72
20 11 46
7 13 7
86 22 44
45 39 23
96 46 9
22 97 31
99 91 5
52 68 7
46 38 10
77 28 9
20 28 98
28 13 37
52 36 12
1 81 66
34 99 40
63 42 23
46 71 15
12 88 91
88 56 9
87 81 48
67 53 15
95 22 15
30 65 81
81 64 70
78 21 43
10 72 100
25 55 35
20 56 69
89 11 13
57 38 52
12 72 15
28 14 70
43 86 20
95 92 84
55 83 24
94 73 33
38 13 25
0 20 25
51 26 61
17 43 82
